pic	r1&r2	r1|r2	iou
1.png	10714.0	12592.0	0.8508576874205845
10.png	1657.0	2491.0	0.665194700923324
100.png	4387.0	8789.0	0.49914666059847534
1000.png	4064.0	6079.0	0.6685310083895377
101.png	7670.0	9295.0	0.8251748251748252
102.png	7460.0	8846.0	0.843319014243726
103.png	5459.0	8384.0	0.6511211832061069
104.png	6559.0	7942.0	0.8258625031478217
105.png	5053.0	8096.0	0.6241353754940712
106.png	12294.0	15122.0	0.8129877000396772
107.png	12728.0	14292.0	0.8905681500139938
108.png	747.0	1236.0	0.6043689320388349
109.png	3171.0	4463.0	0.7105086264844275
11.png	6280.0	11631.0	0.5399363769237383
110.png	5172.0	7031.0	0.7355994879817949
111.png	8088.0	10193.0	0.7934857254978908
112.png	5729.0	7529.0	0.7609244255545226
113.png	5704.0	7086.0	0.8049675416313858
114.png	10201.0	11907.0	0.8567229360880154
115.png	8758.0	12954.0	0.6760846070711749
116.png	2832.0	5662.0	0.5001766160367361
117.png	9834.0	12290.0	0.8001627339300245
118.png	6366.0	9817.0	0.6484669450952429
119.png	3788.0	6001.0	0.6312281286452258
12.png	2448.0	4565.0	0.5362541073384447
120.png	6722.0	8310.0	0.8089049338146811
121.png	3821.0	6082.0	0.6282472870766196
122.png	7976.0	10974.0	0.7268088208492801
123.png	2377.0	3947.0	0.6022295414238662
124.png	4355.0	6292.0	0.6921487603305785
125.png	11157.0	12522.0	0.890991854336368
126.png	4150.0	7247.0	0.572650752035325
127.png	5977.0	8283.0	0.7215984546661838
128.png	12175.0	13911.0	0.8752066709798002
129.png	8605.0	9985.0	0.8617926890335503
13.png	118.0	814.0	0.14496314496314497
130.png	7571.0	8748.0	0.8654549611339735
131.png	3842.0	5209.0	0.7375695910923402
132.png	9647.0	11962.0	0.8064704898846347
133.png	7667.0	9308.0	0.823700042973786
134.png	5084.0	6281.0	0.809425250756249
135.png	1358.0	1840.0	0.7380434782608696
136.png	6544.0	9465.0	0.6913893291072372
137.png	4702.0	7292.0	0.6448162369720242
138.png	2564.0	3078.0	0.8330084470435347
139.png	294.0	4737.0	0.06206459784673844
14.png	5967.0	7274.0	0.8203189441847677
140.png	5478.0	6909.0	0.7928788536691272
141.png	1178.0	2171.0	0.5426070935052971
142.png	2766.0	5084.0	0.544059795436664
143.png	1433.0	2424.0	0.5911716171617162
144.png	3160.0	3951.0	0.7997975196152872
145.png	4244.0	5984.0	0.7092245989304813
146.png	2519.0	2850.0	0.883859649122807
147.png	3458.0	6446.0	0.5364567173440894
148.png	2710.0	3718.0	0.7288864981172674
149.png	1298.0	1563.0	0.8304542546385156
15.png	6487.0	8642.0	0.7506364267530664
150.png	4375.0	5355.0	0.8169934640522876
151.png	3545.0	4448.0	0.7969874100719424
152.png	6383.0	7264.0	0.8787169603524229
153.png	4647.0	6605.0	0.703557910673732
154.png	5448.0	8012.0	0.6799800299550673
155.png	6586.0	7579.0	0.8689800765272463
156.png	4413.0	7958.0	0.5545363156572003
158.png	7554.0	9434.0	0.8007207971168115
159.png	4809.0	6462.0	0.744196843082637
16.png	6806.0	9192.0	0.7404264577893821
160.png	12188.0	13171.0	0.9253663351302103
161.png	8363.0	10141.0	0.8246721230647865
162.png	7239.0	9473.0	0.7641718568563285
163.png	4525.0	6261.0	0.7227279987222488
164.png	4331.0	6549.0	0.661322339288441
165.png	14881.0	17423.0	0.8541009011077312
166.png	7079.0	9580.0	0.7389352818371607
167.png	5981.0	7650.0	0.7818300653594771
168.png	1887.0	3374.0	0.5592768227623
169.png	321.0	1336.0	0.2402694610778443
17.png	2166.0	3451.0	0.6276441611127209
170.png	1908.0	3804.0	0.501577287066246
171.png	913.0	1188.0	0.7685185185185185
172.png	8738.0	12515.0	0.6982021574111067
173.png	844.0	3961.0	0.21307750568038375
174.png	7784.0	13885.0	0.5606049693914296
175.png	4493.0	5260.0	0.8541825095057034
176.png	7836.0	9564.0	0.8193224592220828
177.png	1980.0	3428.0	0.5775962660443408
178.png	14424.0	16038.0	0.8993640104751216
179.png	3233.0	4499.0	0.718604134252056
18.png	1977.0	3021.0	0.6544190665342602
180.png	1584.0	4035.0	0.3925650557620818
181.png	1747.0	2593.0	0.673736984188199
182.png	3264.0	4355.0	0.7494833524684271
183.png	1732.0	5287.0	0.32759599016455454
184.png	496.0	1722.0	0.2880371660859466
185.png	493.0	1904.0	0.25892857142857145
186.png	2035.0	3704.0	0.5494060475161987
187.png	404.0	971.0	0.4160659114315139
188.png	9030.0	12385.0	0.729107791683488
189.png	937.0	1848.0	0.5070346320346321
19.png	694.0	1801.0	0.38534147695724597
190.png	6220.0	8429.0	0.7379285799027168
191.png	8458.0	10529.0	0.8033051571849178
192.png	4453.0	6021.0	0.7395781431655871
193.png	2297.0	3258.0	0.7050337630448128
194.png	4544.0	5695.0	0.797892888498683
195.png	1032.0	2738.0	0.3769174579985391
196.png	1284.0	1961.0	0.6547679755226925
197.png	524.0	1466.0	0.35743519781718963
198.png	2165.0	5703.0	0.3796247588988252
199.png	61.0	589.0	0.1035653650254669
2.png	3201.0	5577.0	0.5739644970414202
20.png	3160.0	4268.0	0.7403936269915652
200.png	640.0	1076.0	0.5947955390334573
201.png	2058.0	2903.0	0.70892180502928
202.png	783.0	2053.0	0.38139308329274235
203.png	4660.0	7443.0	0.6260916297191993
204.png	1413.0	2729.0	0.5177720776841334
205.png	561.0	1467.0	0.3824130879345603
206.png	3627.0	5191.0	0.6987093045655943
207.png	3045.0	5602.0	0.5435558729025348
208.png	7055.0	10807.0	0.6528176182104192
209.png	3684.0	5328.0	0.6914414414414415
21.png	1482.0	2017.0	0.7347545860188398
210.png	6460.0	9643.0	0.669916001244426
211.png	1455.0	3355.0	0.4336810730253353
212.png	510.0	947.0	0.5385427666314678
213.png	2376.0	3095.0	0.7676898222940226
214.png	1699.0	2781.0	0.6109313196691838
215.png	6589.0	7921.0	0.8318394142153769
216.png	3726.0	5771.0	0.6456420031190435
217.png	2059.0	6288.0	0.32744910941475824
218.png	2961.0	4470.0	0.6624161073825503
219.png	6722.0	11095.0	0.6058584948174853
22.png	36.0	1335.0	0.02696629213483146
220.png	4407.0	7490.0	0.588384512683578
221.png	4846.0	7356.0	0.6587819467101685
222.png	4753.0	6712.0	0.708134684147795
223.png	15475.0	18057.0	0.8570083624079304
224.png	2261.0	3402.0	0.6646090534979424
225.png	7693.0	10556.0	0.7287798408488063
226.png	9399.0	10788.0	0.8712458286985539
227.png	11813.0	13270.0	0.8902034664657121
228.png	8057.0	11926.0	0.6755827603555258
229.png	7167.0	10419.0	0.6878779153469623
23.png	3512.0	4741.0	0.7407719890318498
230.png	4191.0	8055.0	0.5202979515828677
231.png	4226.0	5954.0	0.7097749412159893
232.png	4574.0	7403.0	0.6178576252870458
233.png	5900.0	8332.0	0.7081132981277004
234.png	9943.0	12455.0	0.7983139301485347
235.png	8461.0	11566.0	0.731540722808231
236.png	15689.0	17147.0	0.9149705487840438
237.png	3049.0	4533.0	0.6726229869843371
238.png	3622.0	4986.0	0.7264340152426795
239.png	0.0	745.0	0.0
24.png	1187.0	5210.0	0.22783109404990404
240.png	732.0	2429.0	0.30135858377933306
241.png	7739.0	11410.0	0.6782646801051709
242.png	4539.0	6870.0	0.6606986899563319
243.png	4445.0	6038.0	0.7361709175223584
244.png	4294.0	5517.0	0.7783215515678811
245.png	2713.0	3622.0	0.7490336830480397
246.png	4683.0	5899.0	0.7938633666723174
247.png	5689.0	8801.0	0.6464038177479832
248.png	7073.0	9701.0	0.7291000927739408
249.png	3673.0	4360.0	0.8424311926605504
25.png	6423.0	10390.0	0.6181905678537055
250.png	677.0	2048.0	0.33056640625
251.png	1238.0	3685.0	0.3359565807327001
252.png	3853.0	6417.0	0.6004363409693003
253.png	1688.0	2818.0	0.5990063875088716
254.png	8242.0	10554.0	0.7809361379571726
255.png	316.0	1214.0	0.2602965403624382
256.png	8139.0	13074.0	0.622533272143185
258.png	6215.0	8395.0	0.7403216200119118
259.png	2370.0	3295.0	0.7192716236722306
26.png	5042.0	7095.0	0.7106412966878083
260.png	864.0	1690.0	0.5112426035502958
261.png	6128.0	8175.0	0.7496024464831804
262.png	3521.0	6446.0	0.5462302202916537
263.png	235.0	875.0	0.26857142857142857
264.png	841.0	1536.0	0.5475260416666666
265.png	2011.0	3309.0	0.6077364762768208
266.png	3986.0	5306.0	0.7512250282698831
267.png	5498.0	6817.0	0.80651312894235
268.png	5883.0	8090.0	0.7271940667490729
269.png	870.0	1395.0	0.6236559139784946
27.png	5896.0	13073.0	0.4510058900022948
270.png	4940.0	8750.0	0.5645714285714286
271.png	4838.0	5704.0	0.8481767180925667
272.png	3899.0	5078.0	0.7678219771563608
273.png	5435.0	7183.0	0.756647640261729
274.png	9496.0	10403.0	0.9128136114582333
275.png	2566.0	3886.0	0.6603190941842512
276.png	845.0	1550.0	0.5451612903225806
277.png	4813.0	6221.0	0.773669828001929
278.png	7116.0	9464.0	0.7519019442096365
279.png	5658.0	9112.0	0.6209394205443372
28.png	4440.0	6544.0	0.6784841075794621
280.png	3142.0	4688.0	0.6702218430034129
281.png	7389.0	9740.0	0.7586242299794661
282.png	3265.0	3916.0	0.833758937691522
283.png	6675.0	8335.0	0.8008398320335933
284.png	5339.0	6211.0	0.8596039285139269
285.png	3101.0	6445.0	0.48114817688130335
286.png	7195.0	9665.0	0.7444386963269529
287.png	704.0	2535.0	0.2777120315581854
288.png	4413.0	5784.0	0.7629668049792531
289.png	5873.0	7064.0	0.8313986409966025
29.png	5464.0	9199.0	0.5939776062615502
290.png	857.0	2291.0	0.374072457442165
291.png	6246.0	8447.0	0.7394341186219959
292.png	6990.0	8775.0	0.7965811965811965
293.png	5788.0	8369.0	0.6915999522045645
294.png	5892.0	7721.0	0.7631135863230152
295.png	5016.0	5767.0	0.8697763135078898
296.png	2995.0	4338.0	0.6904103273397879
297.png	1504.0	3805.0	0.39526938239159004
298.png	1003.0	1818.0	0.5517051705170517
299.png	298.0	664.0	0.44879518072289154
3.png	1899.0	6955.0	0.2730409777138749
30.png	2410.0	4687.0	0.5141881800725411
300.png	2019.0	3270.0	0.6174311926605505
301.png	1723.0	2906.0	0.5929112181693049
302.png	884.0	1660.0	0.5325301204819277
303.png	10557.0	11387.0	0.9271098621234741
304.png	3251.0	4416.0	0.7361865942028986
305.png	3371.0	5641.0	0.5975890799503634
306.png	2186.0	3059.0	0.7146126185027787
307.png	5099.0	7219.0	0.7063305166920626
308.png	1467.0	2244.0	0.6537433155080213
309.png	2163.0	3629.0	0.5960319647285753
31.png	6116.0	7763.0	0.7878397526729357
310.png	10477.0	14558.0	0.7196730320098915
311.png	6783.0	7785.0	0.8712909441233141
312.png	3593.0	4699.0	0.7646307725047883
313.png	2590.0	3745.0	0.6915887850467289
314.png	2349.0	6076.0	0.38660302830809745
315.png	1207.0	1883.0	0.6409984067976633
316.png	3393.0	4382.0	0.7743039707895938
317.png	2694.0	4233.0	0.6364280652019844
318.png	5153.0	5537.0	0.9306483655409066
319.png	2058.0	2444.0	0.8420621931260229
32.png	3271.0	5274.0	0.6202123625331817
320.png	5420.0	6142.0	0.882448713774015
321.png	6356.0	7169.0	0.8865950620728135
322.png	10188.0	11596.0	0.8785788202828562
323.png	5993.0	7088.0	0.8455135440180587
324.png	2967.0	3556.0	0.8343644544431946
325.png	1117.0	2260.0	0.4942477876106195
326.png	4305.0	5580.0	0.771505376344086
327.png	14951.0	15533.0	0.9625313847936651
328.png	3598.0	5405.0	0.6656799259944496
329.png	6680.0	7552.0	0.8845338983050848
33.png	4028.0	6951.0	0.5794849661919148
330.png	5854.0	7036.0	0.8320068220579875
331.png	11190.0	13953.0	0.8019780692324231
332.png	4100.0	4833.0	0.8483343678874405
333.png	1549.0	2121.0	0.7303158887317304
334.png	6357.0	8995.0	0.7067259588660367
335.png	15582.0	17781.0	0.8763286654293909
336.png	4856.0	7246.0	0.6701628484681204
337.png	7863.0	10240.0	0.76787109375
338.png	6648.0	11699.0	0.5682536968971706
339.png	4672.0	7948.0	0.587820835430297
34.png	4240.0	6761.0	0.6271261647685253
340.png	2893.0	3807.0	0.7599159443131074
341.png	3356.0	4100.0	0.8185365853658536
342.png	6364.0	9513.0	0.6689792914958478
343.png	4221.0	6135.0	0.6880195599022005
344.png	9257.0	11126.0	0.8320150997663132
345.png	5705.0	6958.0	0.8199195171026157
346.png	8472.0	10157.0	0.834104558432608
347.png	16050.0	22430.0	0.7155595185020063
348.png	8509.0	10573.0	0.8047857750874869
349.png	5823.0	7201.0	0.8086376892098319
35.png	2042.0	4795.0	0.4258602711157456
350.png	2526.0	2868.0	0.8807531380753139
351.png	5456.0	7033.0	0.7757713635717333
352.png	583.0	1161.0	0.5021533161068045
353.png	3037.0	4602.0	0.6599304650152108
354.png	1942.0	3549.0	0.5471963933502395
355.png	435.0	2110.0	0.20616113744075829
356.png	2610.0	4743.0	0.5502846299810247
358.png	996.0	2152.0	0.4628252788104089
359.png	3316.0	4184.0	0.7925430210325047
36.png	6491.0	10255.0	0.6329595319356411
360.png	394.0	808.0	0.4876237623762376
361.png	3179.0	4017.0	0.7913866069205875
362.png	472.0	1935.0	0.24392764857881136
363.png	6460.0	8396.0	0.7694140066698428
364.png	2298.0	4943.0	0.4648998583855958
365.png	4541.0	5923.0	0.7666722944453824
366.png	2872.0	4810.0	0.5970893970893971
367.png	313.0	864.0	0.36226851851851855
368.png	5277.0	7596.0	0.6947077409162717
369.png	1207.0	2854.0	0.42291520672740013
37.png	2854.0	5108.0	0.5587314017227878
370.png	2324.0	3167.0	0.7338174928954847
371.png	8096.0	10843.0	0.7466568292907867
372.png	125.0	936.0	0.13354700854700854
373.png	2893.0	6132.0	0.4717873450750163
374.png	701.0	1040.0	0.6740384615384616
375.png	1721.0	5927.0	0.2903661211405433
376.png	9116.0	12219.0	0.7460512316883542
377.png	0.0	510.0	0.0
378.png	335.0	876.0	0.3824200913242009
379.png	3349.0	3851.0	0.8696442482472085
38.png	4332.0	5559.0	0.7792768483540206
380.png	1381.0	2606.0	0.5299309286262471
381.png	1320.0	2109.0	0.6258890469416786
382.png	1399.0	2706.0	0.5169992609016999
383.png	5357.0	6309.0	0.8491044539546679
384.png	3014.0	3834.0	0.7861241523213354
385.png	6135.0	8893.0	0.6898684358484201
386.png	7032.0	9462.0	0.7431832593532023
387.png	3111.0	3736.0	0.8327087794432548
388.png	3430.0	5798.0	0.5915833045877888
389.png	899.0	1894.0	0.4746568109820486
39.png	9957.0	11761.0	0.8466116826800442
390.png	4202.0	5245.0	0.8011439466158246
391.png	2250.0	3796.0	0.5927291886195996
392.png	8489.0	9772.0	0.8687065083913221
393.png	4601.0	6440.0	0.7144409937888199
394.png	5757.0	7046.0	0.8170593244393982
395.png	1454.0	2279.0	0.637999122422115
396.png	1584.0	3006.0	0.5269461077844312
397.png	139.0	294.0	0.47278911564625853
398.png	1363.0	1743.0	0.7819850831899025
399.png	1130.0	2384.0	0.473993288590604
4.png	2505.0	4330.0	0.5785219399538106
40.png	4022.0	5100.0	0.7886274509803921
400.png	475.0	1197.0	0.3968253968253968
401.png	3735.0	5298.0	0.7049830124575311
402.png	117.0	351.0	0.3333333333333333
403.png	4094.0	6477.0	0.6320827543615871
404.png	1331.0	4386.0	0.3034655722754218
405.png	2531.0	3579.0	0.7071807767532831
406.png	15858.0	18152.0	0.873622741295725
407.png	3760.0	5092.0	0.7384131971720346
408.png	5964.0	8037.0	0.7420679357969392
409.png	9900.0	11899.0	0.832002689301622
41.png	3299.0	5994.0	0.5503837170503837
410.png	2117.0	3256.0	0.6501842751842751
411.png	4800.0	5978.0	0.8029441284710606
412.png	5685.0	7483.0	0.7597220366163303
413.png	5803.0	7295.0	0.7954763536668952
414.png	5106.0	6229.0	0.8197142398458822
415.png	11437.0	14134.0	0.8091835290788171
416.png	4373.0	5445.0	0.8031221303948577
417.png	2401.0	3188.0	0.7531367628607277
418.png	4293.0	6631.0	0.647413663097572
419.png	4169.0	5650.0	0.7378761061946902
42.png	4274.0	5400.0	0.7914814814814815
420.png	5451.0	6735.0	0.8093541202672606
421.png	2372.0	3231.0	0.7341380377592077
422.png	6819.0	7928.0	0.8601160443995963
423.png	0.0	810.0	0.0
424.png	3106.0	4986.0	0.6229442438828721
425.png	3159.0	4803.0	0.6577139287945034
426.png	1924.0	3841.0	0.5009112210361885
427.png	5787.0	6599.0	0.8769510531898772
428.png	5058.0	5575.0	0.9072645739910314
429.png	7241.0	10467.0	0.6917932549918793
43.png	1873.0	3112.0	0.6018637532133676
430.png	4421.0	6236.0	0.7089480436177037
431.png	5444.0	9010.0	0.6042175360710322
432.png	3539.0	6049.0	0.5850553810547198
433.png	0.0	1411.0	0.0
434.png	6136.0	7860.0	0.7806615776081425
435.png	3772.0	7113.0	0.530296639955012
436.png	625.0	2706.0	0.2309682187730968
437.png	1421.0	2383.0	0.5963071758287872
438.png	12921.0	14914.0	0.8663671717849001
439.png	1491.0	2323.0	0.6418424451140766
44.png	2995.0	3694.0	0.810774228478614
440.png	7140.0	7616.0	0.9375
441.png	2899.0	5542.0	0.5230963551064598
442.png	1544.0	2757.0	0.5600290170475154
443.png	5777.0	6731.0	0.8582677165354331
444.png	7256.0	8825.0	0.8222096317280453
445.png	3678.0	5757.0	0.6388744137571651
446.png	4524.0	6539.0	0.6918489065606361
447.png	3534.0	5389.0	0.6557802931898311
448.png	2647.0	3300.0	0.8021212121212121
449.png	9955.0	10972.0	0.9073095151294204
45.png	6601.0	8125.0	0.8124307692307692
450.png	6923.0	8283.0	0.8358082820234215
451.png	4022.0	4865.0	0.82672147995889
452.png	7263.0	9535.0	0.761719979024646
453.png	8979.0	12377.0	0.7254585117556759
454.png	844.0	2588.0	0.3261205564142195
455.png	5974.0	10663.0	0.5602550876863922
456.png	8300.0	10532.0	0.7880744398025067
458.png	1345.0	3010.0	0.446843853820598
459.png	8739.0	10735.0	0.8140661387983232
46.png	6623.0	11134.0	0.5948446200826298
460.png	9883.0	12503.0	0.7904502919299368
461.png	9826.0	10859.0	0.9048715351321485
462.png	2448.0	6054.0	0.4043607532210109
463.png	7041.0	7872.0	0.8944359756097561
464.png	4920.0	5686.0	0.8652831516004221
465.png	3212.0	4719.0	0.6806526806526807
466.png	2655.0	3481.0	0.7627118644067796
467.png	1082.0	1497.0	0.7227788911155645
468.png	726.0	2924.0	0.24829001367989056
469.png	4052.0	5739.0	0.7060463495382471
47.png	2524.0	3741.0	0.6746859128575248
470.png	4101.0	4660.0	0.8800429184549357
471.png	1295.0	1884.0	0.6873673036093418
472.png	8488.0	10368.0	0.8186728395061729
473.png	7264.0	8484.0	0.8561999057048562
474.png	3682.0	4157.0	0.8857349049795525
475.png	1199.0	2088.0	0.5742337164750958
476.png	2732.0	3722.0	0.7340139709833423
477.png	6480.0	7716.0	0.8398133748055988
478.png	2474.0	5051.0	0.4898039992080776
479.png	5257.0	7158.0	0.7344230231908354
48.png	3595.0	5453.0	0.6592701265358518
480.png	2457.0	3275.0	0.7502290076335878
481.png	3641.0	4763.0	0.7644341801385681
482.png	4090.0	5699.0	0.7176697666257238
483.png	464.0	582.0	0.7972508591065293
484.png	1819.0	3110.0	0.5848874598070739
485.png	3081.0	5100.0	0.6041176470588235
486.png	5966.0	7087.0	0.8418230563002681
487.png	7409.0	10347.0	0.716052962211269
488.png	2696.0	3622.0	0.74434014356709
489.png	5145.0	8057.0	0.6385751520417029
49.png	9505.0	11176.0	0.8504831782390837
490.png	5873.0	7860.0	0.7472010178117048
491.png	3058.0	4118.0	0.7425934919864011
492.png	5798.0	8357.0	0.6937896374296997
493.png	12576.0	17873.0	0.7036311755161416
494.png	5258.0	7160.0	0.7343575418994414
495.png	6018.0	7930.0	0.758890290037831
496.png	7197.0	9978.0	0.7212868310282622
497.png	4996.0	5654.0	0.883622214361514
498.png	2807.0	3324.0	0.8444645006016848
499.png	5640.0	6580.0	0.8571428571428571
5.png	8469.0	11790.0	0.7183206106870229
50.png	2231.0	4565.0	0.4887185104052574
500.png	12359.0	14628.0	0.8448865190046486
501.png	2343.0	3791.0	0.6180427327881826
502.png	5087.0	8152.0	0.6240186457311089
503.png	4231.0	5729.0	0.7385233024960726
504.png	2629.0	3709.0	0.7088163925586412
505.png	2934.0	3825.0	0.7670588235294118
506.png	3410.0	4395.0	0.7758816837315131
507.png	5784.0	8101.0	0.7139859276632514
508.png	7786.0	11606.0	0.6708599000516974
509.png	11721.0	13433.0	0.8725526688007147
51.png	2463.0	3779.0	0.6517597247949193
510.png	81.0	971.0	0.08341915550978372
511.png	2712.0	3702.0	0.7325769854132901
512.png	907.0	1357.0	0.6683861459100958
513.png	3870.0	4823.0	0.8024051420277836
514.png	3997.0	5191.0	0.7699865151223271
515.png	2904.0	6000.0	0.484
516.png	3265.0	4762.0	0.6856362872742545
517.png	7310.0	9003.0	0.8119515716983228
518.png	890.0	2091.0	0.4256336681013869
519.png	3489.0	5813.0	0.6002064338551523
52.png	5449.0	6983.0	0.7803236431333238
520.png	3881.0	5300.0	0.7322641509433963
521.png	2198.0	3016.0	0.7287798408488063
522.png	535.0	851.0	0.6286721504112809
523.png	2404.0	3317.0	0.7247512812782635
524.png	1340.0	1526.0	0.8781127129750983
525.png	2613.0	3680.0	0.710054347826087
526.png	3784.0	5015.0	0.7545363908275174
527.png	1498.0	2813.0	0.5325275506576609
528.png	6631.0	8641.0	0.7673880337923852
529.png	2725.0	3693.0	0.7378824803682643
53.png	11138.0	12454.0	0.8943311385900112
530.png	5057.0	6437.0	0.7856144166537207
531.png	3544.0	5080.0	0.6976377952755906
532.png	11067.0	13704.0	0.8075744308231173
533.png	1050.0	2019.0	0.5200594353640416
534.png	359.0	1671.0	0.21484141232794735
535.png	1485.0	4735.0	0.3136219640971489
536.png	5518.0	7659.0	0.7204595900248074
537.png	9533.0	11328.0	0.8415430790960452
538.png	2104.0	3733.0	0.5636217519421377
539.png	951.0	2428.0	0.39168039538714994
54.png	8426.0	10349.0	0.8141849454053531
540.png	2950.0	3930.0	0.7506361323155216
541.png	2650.0	4519.0	0.5864129232131002
542.png	4810.0	5613.0	0.856939248173882
543.png	1219.0	2266.0	0.5379523389232127
544.png	2585.0	3867.0	0.6684768554434962
545.png	6880.0	9096.0	0.7563764291996482
546.png	1157.0	3307.0	0.3498639250075597
547.png	466.0	1997.0	0.23335002503755634
548.png	1404.0	3063.0	0.4583741429970617
549.png	1001.0	1825.0	0.5484931506849315
55.png	6121.0	7087.0	0.8636940877663327
550.png	7305.0	10352.0	0.705660741885626
551.png	7302.0	9284.0	0.7865144334338647
552.png	3076.0	4424.0	0.6952983725135624
553.png	2729.0	3774.0	0.7231054583995761
554.png	7498.0	8530.0	0.8790152403282532
555.png	9676.0	11161.0	0.8669474061464026
556.png	3278.0	3928.0	0.8345213849287169
558.png	9442.0	11271.0	0.83772513530299
559.png	2658.0	3479.0	0.7640126473124461
56.png	3421.0	4636.0	0.7379206212251941
560.png	10107.0	12055.0	0.8384072998755703
561.png	15367.0	16237.0	0.9464186734002586
562.png	5446.0	9205.0	0.5916349809885931
563.png	2299.0	3839.0	0.5988538681948424
564.png	2521.0	4453.0	0.5661351897597126
565.png	6319.0	8594.0	0.7352804282057249
566.png	123.0	1085.0	0.11336405529953918
567.png	4431.0	7299.0	0.6070694615700781
568.png	6261.0	9320.0	0.6717811158798284
569.png	1586.0	2723.0	0.5824458318031582
570.png	436.0	1512.0	0.28835978835978837
571.png	2514.0	3426.0	0.7338003502626971
572.png	3075.0	4210.0	0.7304038004750594
573.png	9219.0	13416.0	0.6871645796064401
574.png	3837.0	5169.0	0.7423099245502032
575.png	3646.0	5155.0	0.707274490785645
576.png	1160.0	2409.0	0.48152760481527607
577.png	4531.0	7740.0	0.5854005167958657
578.png	5815.0	7490.0	0.7763684913217623
579.png	5620.0	7883.0	0.7129265508055309
58.png	1366.0	1599.0	0.8542839274546592
580.png	3353.0	4924.0	0.6809504467912266
581.png	1826.0	5207.0	0.3506817745342808
582.png	3120.0	5255.0	0.5937202664129401
583.png	3808.0	5020.0	0.7585657370517929
584.png	987.0	1374.0	0.7183406113537117
585.png	1181.0	8114.0	0.1455508996795662
586.png	440.0	5990.0	0.07345575959933222
587.png	9640.0	12760.0	0.7554858934169278
588.png	6743.0	7534.0	0.895009291213167
589.png	3263.0	6050.0	0.5393388429752066
59.png	6512.0	7758.0	0.8393915957721062
590.png	3108.0	4326.0	0.7184466019417476
591.png	4881.0	7211.0	0.6768825405630287
592.png	2282.0	7573.0	0.301333685461508
593.png	3496.0	4119.0	0.8487496965282836
594.png	1692.0	3231.0	0.5236768802228412
595.png	5603.0	10968.0	0.5108497447118892
596.png	7508.0	9557.0	0.785602176415193
597.png	6583.0	7781.0	0.8460352139827786
598.png	3758.0	5003.0	0.7511493104137518
599.png	3728.0	6266.0	0.5949569103096074
6.png	3387.0	5814.0	0.5825593395252838
60.png	6077.0	7760.0	0.7831185567010309
600.png	5176.0	6880.0	0.7523255813953489
601.png	7425.0	9645.0	0.7698289269051322
602.png	6229.0	7863.0	0.7921912755945568
603.png	2049.0	3823.0	0.535966518441015
604.png	1926.0	3541.0	0.5439141485456086
605.png	5058.0	8212.0	0.6159279103750609
606.png	5725.0	7813.0	0.7327531038013567
607.png	3824.0	4968.0	0.7697262479871175
608.png	751.0	1902.0	0.39484752891692954
609.png	3768.0	5003.0	0.75314811113332
61.png	4573.0	6380.0	0.7167711598746082
610.png	2585.0	4869.0	0.5309098377490244
611.png	8520.0	9518.0	0.8951460390838412
612.png	9486.0	10520.0	0.9017110266159696
613.png	10820.0	13534.0	0.7994680065021428
614.png	5538.0	7868.0	0.7038637519064566
615.png	1230.0	2579.0	0.4769290422644436
616.png	1765.0	2036.0	0.8668958742632613
617.png	9944.0	14443.0	0.6884996191926885
618.png	13894.0	15551.0	0.8934473667288277
619.png	6694.0	8384.0	0.798425572519084
62.png	4080.0	5774.0	0.7066158642189123
620.png	6425.0	8541.0	0.7522538344456152
621.png	4450.0	5651.0	0.7874712440276057
622.png	3517.0	6159.0	0.5710342588082481
623.png	2864.0	4766.0	0.6009232060428031
624.png	1499.0	2099.0	0.7141495950452597
625.png	2021.0	4385.0	0.46088939566704673
626.png	3735.0	4225.0	0.8840236686390532
627.png	5202.0	7743.0	0.6718326230143356
628.png	7175.0	7561.0	0.9489485517788653
629.png	2318.0	3295.0	0.7034901365705615
63.png	5388.0	6519.0	0.8265071329958582
630.png	5255.0	7134.0	0.7366134006167648
631.png	4448.0	6207.0	0.7166102787175769
632.png	5007.0	6011.0	0.8329728830477457
633.png	5070.0	7122.0	0.7118786857624263
634.png	13635.0	16282.0	0.8374278344183761
635.png	3008.0	3583.0	0.8395199553446833
636.png	4522.0	5338.0	0.8471337579617835
637.png	8389.0	10909.0	0.7689980749839582
638.png	3068.0	6635.0	0.46239638281838735
639.png	498.0	2191.0	0.22729347329986307
64.png	4606.0	6068.0	0.7590639419907712
640.png	1320.0	2345.0	0.5628997867803838
641.png	29.0	1488.0	0.019489247311827957
642.png	4785.0	5135.0	0.9318403115871471
643.png	8309.0	9213.0	0.9018777813958537
644.png	10898.0	12474.0	0.8736572069905403
645.png	4666.0	5665.0	0.8236540158870256
646.png	5010.0	6707.0	0.7469807663635009
647.png	1370.0	2360.0	0.5805084745762712
648.png	3017.0	4338.0	0.6954817888427847
649.png	1407.0	2328.0	0.604381443298969
65.png	8384.0	11757.0	0.7131070851407671
650.png	9131.0	12944.0	0.7054233621755254
651.png	0.0	770.0	0.0
652.png	6605.0	8884.0	0.7434714092751014
653.png	1981.0	3769.0	0.5256036083841867
654.png	3906.0	5844.0	0.6683778234086243
655.png	2181.0	6029.0	0.3617515342511196
656.png	3827.0	7590.0	0.5042160737812912
658.png	14139.0	15809.0	0.8943639698905687
659.png	5848.0	7550.0	0.7745695364238411
66.png	5420.0	6738.0	0.8043929949539923
660.png	1905.0	2891.0	0.6589415427187825
661.png	3808.0	9483.0	0.40156068754613516
662.png	1778.0	3039.0	0.5850608752879236
663.png	16467.0	19101.0	0.8621014606565102
664.png	1184.0	2113.0	0.5603407477520114
665.png	8365.0	9983.0	0.8379244716017229
666.png	0.0	705.0	0.0
667.png	4473.0	6351.0	0.7042985356636751
668.png	7857.0	10300.0	0.7628155339805825
669.png	2359.0	2985.0	0.790284757118928
67.png	6927.0	7930.0	0.8735182849936949
670.png	5398.0	8421.0	0.6410165063531648
671.png	4631.0	6441.0	0.7189877348237851
672.png	1097.0	2042.0	0.5372184133202742
673.png	6377.0	10211.0	0.6245225736950347
674.png	270.0	1182.0	0.22842639593908629
675.png	8767.0	10516.0	0.8336820083682008
676.png	1713.0	2969.0	0.576961940047154
677.png	408.0	496.0	0.8225806451612904
678.png	165.0	690.0	0.2391304347826087
679.png	1203.0	4348.0	0.2766789328426863
68.png	3618.0	6107.0	0.5924349107581464
680.png	5747.0	6605.0	0.8700984102952309
681.png	2345.0	4531.0	0.5175457956301037
682.png	8064.0	10226.0	0.7885781341678075
683.png	10991.0	11594.0	0.947990339830947
684.png	1335.0	2865.0	0.46596858638743455
685.png	6726.0	9665.0	0.6959130884635282
686.png	2835.0	6293.0	0.45050055617352613
687.png	8855.0	11505.0	0.7696653628857019
688.png	3109.0	4181.0	0.7436020090887348
689.png	2328.0	4018.0	0.5793927327028372
69.png	1594.0	3658.0	0.43575724439584473
690.png	9043.0	10902.0	0.8294808292056504
691.png	3346.0	5285.0	0.633112582781457
692.png	5806.0	7129.0	0.814419974751017
693.png	347.0	1875.0	0.18506666666666666
694.png	1623.0	1951.0	0.831881086622245
695.png	4305.0	6603.0	0.651976374375284
696.png	417.0	1390.0	0.3
697.png	1061.0	2126.0	0.49905926622765756
698.png	860.0	3374.0	0.2548903378778897
699.png	5726.0	7812.0	0.7329749103942652
7.png	832.0	2455.0	0.3389002036659878
70.png	2931.0	3932.0	0.7454221770091557
700.png	4398.0	7352.0	0.5982045701849836
701.png	0.0	380.0	0.0
702.png	12647.0	14081.0	0.898160641999858
703.png	1100.0	3772.0	0.2916224814422057
704.png	593.0	3177.0	0.18665407617248977
705.png	667.0	2694.0	0.2475872308834447
706.png	3048.0	3874.0	0.7867836861125451
707.png	2907.0	4653.0	0.6247582205029013
708.png	1870.0	2471.0	0.7567786321327398
709.png	2474.0	3955.0	0.6255372945638432
71.png	332.0	2174.0	0.15271389144434222
710.png	2338.0	2682.0	0.8717375093214019
711.png	1130.0	1796.0	0.6291759465478842
712.png	1274.0	1761.0	0.7234525837592277
713.png	3726.0	5488.0	0.6789358600583091
714.png	2494.0	4311.0	0.5785200649501275
715.png	5427.0	5782.0	0.9386025596679349
716.png	2724.0	4141.0	0.6578121226756822
717.png	1799.0	2951.0	0.6096238563198916
718.png	1777.0	3050.0	0.5826229508196721
719.png	4144.0	5461.0	0.7588353781358725
72.png	1436.0	5755.0	0.24952215464813207
720.png	5799.0	6897.0	0.8408003479773815
721.png	5235.0	6449.0	0.8117537602729106
722.png	1871.0	2543.0	0.7357451828548958
723.png	2395.0	3186.0	0.7517263025737602
724.png	4991.0	7808.0	0.6392161885245902
725.png	6971.0	11007.0	0.6333242482056873
726.png	10535.0	13646.0	0.7720211050857394
727.png	1279.0	1734.0	0.73760092272203
728.png	3305.0	4745.0	0.6965226554267651
729.png	4418.0	5654.0	0.7813937035726919
73.png	3129.0	4402.0	0.7108132666969559
730.png	6582.0	7221.0	0.9115081013710012
731.png	3609.0	4069.0	0.8869501105922831
732.png	10639.0	16469.0	0.6460015787236626
733.png	1753.0	2374.0	0.7384161752316765
734.png	59.0	2569.0	0.022966134682755938
735.png	3588.0	5131.0	0.6992788930033131
736.png	0.0	1046.0	0.0
737.png	1067.0	2199.0	0.48522055479763526
738.png	301.0	500.0	0.602
739.png	11386.0	14358.0	0.7930073826438223
74.png	7812.0	9117.0	0.8568608094768015
740.png	2860.0	3971.0	0.7202216066481995
741.png	3339.0	5961.0	0.5601409159536991
742.png	1329.0	3276.0	0.4056776556776557
743.png	4454.0	7912.0	0.5629423660262892
744.png	197.0	762.0	0.2585301837270341
745.png	561.0	1427.0	0.3931324456902593
746.png	497.0	3181.0	0.1562401760452688
747.png	458.0	2337.0	0.19597774925117672
748.png	0.0	595.0	0.0
749.png	1107.0	1562.0	0.7087067861715749
75.png	5390.0	6938.0	0.7768809455174401
750.png	1860.0	4514.0	0.412051395657953
751.png	3175.0	4951.0	0.6412845889719249
752.png	2481.0	5245.0	0.47302192564346995
753.png	5893.0	6730.0	0.875631500742942
754.png	3890.0	5702.0	0.6822167660470011
755.png	7066.0	8700.0	0.8121839080459771
756.png	1615.0	2419.0	0.6676312525837123
758.png	7029.0	13242.0	0.5308110557317626
759.png	3194.0	5284.0	0.6044663133989402
76.png	3391.0	4361.0	0.7775739509286861
760.png	1814.0	3322.0	0.5460565924142083
761.png	219.0	1399.0	0.15654038598999284
762.png	4593.0	7734.0	0.5938712179984484
763.png	5311.0	6134.0	0.8658298011085751
764.png	6219.0	9558.0	0.6506591337099812
765.png	1782.0	6476.0	0.27516985793699816
766.png	221.0	326.0	0.6779141104294478
767.png	15894.0	18789.0	0.845920485390388
768.png	3913.0	4513.0	0.8670507423000221
769.png	3879.0	6139.0	0.631861866753543
77.png	5713.0	8143.0	0.7015841827336362
770.png	3083.0	4501.0	0.6849588980226616
771.png	3941.0	4687.0	0.8408363558779604
772.png	1119.0	2007.0	0.5575485799701047
773.png	1263.0	1946.0	0.6490236382322713
774.png	1581.0	3784.0	0.4178118393234672
775.png	4378.0	8311.0	0.5267717482854049
776.png	1517.0	2282.0	0.6647677475898335
777.png	1401.0	1770.0	0.7915254237288135
778.png	7274.0	8867.0	0.8203450998082779
779.png	875.0	1332.0	0.6569069069069069
78.png	6376.0	7464.0	0.8542336548767417
780.png	5100.0	7610.0	0.6701708278580815
781.png	3029.0	5002.0	0.6055577768892443
782.png	4409.0	5329.0	0.8273597297804466
783.png	819.0	1513.0	0.5413086582947786
784.png	11375.0	15442.0	0.7366273798730735
785.png	8042.0	9660.0	0.8325051759834369
786.png	2590.0	4602.0	0.5627987831377662
787.png	6525.0	9120.0	0.7154605263157895
788.png	1737.0	4194.0	0.41416309012875535
789.png	3269.0	3551.0	0.9205857504928189
79.png	2686.0	4009.0	0.6699925168371165
790.png	679.0	1465.0	0.463481228668942
791.png	1393.0	4283.0	0.3252393182348821
792.png	4563.0	5991.0	0.7616424636955433
793.png	963.0	2029.0	0.47461803844258255
794.png	9893.0	11547.0	0.8567593314280766
795.png	12220.0	15309.0	0.7982232673590698
796.png	9837.0	14190.0	0.6932346723044397
797.png	2295.0	3954.0	0.5804248861911988
798.png	3811.0	6012.0	0.6338988689288091
799.png	6914.0	9741.0	0.7097833897957089
8.png	330.0	1907.0	0.17304667016255898
80.png	3300.0	4296.0	0.7681564245810056
800.png	2452.0	5338.0	0.45934807043836645
801.png	7108.0	8804.0	0.8073602907769196
802.png	202.0	391.0	0.5166240409207161
803.png	0.0	332.0	0.0
804.png	2993.0	4122.0	0.7261038330907327
805.png	199.0	1045.0	0.19043062200956937
806.png	4466.0	6121.0	0.7296193432445679
807.png	12854.0	13337.0	0.9637849591362375
808.png	4072.0	6977.0	0.5836319334957718
809.png	1140.0	3433.0	0.33207107486163706
81.png	4930.0	6390.0	0.7715179968701096
810.png	738.0	1264.0	0.5838607594936709
811.png	4115.0	6224.0	0.6611503856041131
812.png	4356.0	5788.0	0.7525915687629579
813.png	3045.0	5089.0	0.5983493810178817
814.png	649.0	1655.0	0.3921450151057402
815.png	528.0	1797.0	0.2938230383973289
816.png	9345.0	10146.0	0.9210526315789473
817.png	2334.0	4497.0	0.5190126751167445
818.png	4981.0	6101.0	0.8164235371250614
819.png	8063.0	10195.0	0.7908778813143698
82.png	1662.0	4618.0	0.3598960588999567
820.png	2028.0	3792.0	0.5348101265822784
821.png	550.0	1057.0	0.5203405865657521
822.png	3329.0	6123.0	0.5436877347705373
823.png	380.0	754.0	0.5039787798408488
824.png	2580.0	3294.0	0.7832422586520947
825.png	1425.0	2117.0	0.67312234293812
826.png	10435.0	14174.0	0.736207139833498
827.png	7684.0	11214.0	0.685214909934011
828.png	1554.0	2177.0	0.7138263665594855
829.png	4651.0	6031.0	0.7711822251699553
83.png	4587.0	7567.0	0.6061847495705035
830.png	0.0	902.0	0.0
831.png	5345.0	6886.0	0.7762126052860877
832.png	3289.0	4454.0	0.7384373596766951
833.png	3792.0	4746.0	0.7989886219974716
834.png	5346.0	11322.0	0.47217806041335453
835.png	1474.0	4132.0	0.35672797676669893
836.png	2750.0	5881.0	0.46760754973643937
837.png	5358.0	7032.0	0.7619453924914675
838.png	1136.0	1958.0	0.5801838610827375
839.png	4644.0	6490.0	0.715562403697997
84.png	7983.0	9567.0	0.8344308560677328
840.png	4828.0	8374.0	0.5765464533078577
841.png	5538.0	8901.0	0.6221772834512976
842.png	6421.0	11118.0	0.577531930203274
843.png	12006.0	13643.0	0.8800117276258888
844.png	4097.0	6730.0	0.6087667161961366
845.png	4627.0	6436.0	0.718924798011187
846.png	4823.0	6960.0	0.6929597701149425
847.png	10488.0	12394.0	0.846215910924641
848.png	8214.0	9212.0	0.8916630481980026
849.png	0.0	198.0	0.0
85.png	5880.0	7550.0	0.7788079470198676
850.png	2693.0	5448.0	0.49430983847283405
851.png	3136.0	3840.0	0.8166666666666667
852.png	8544.0	9376.0	0.9112627986348123
853.png	2170.0	3669.0	0.5914418097574271
854.png	2352.0	4400.0	0.5345454545454545
855.png	2433.0	3994.0	0.6091637456184277
856.png	5096.0	6416.0	0.7942643391521197
858.png	9076.0	10798.0	0.8405260233376551
859.png	7683.0	8952.0	0.8582439678284183
86.png	4053.0	6741.0	0.6012461059190031
860.png	2617.0	4219.0	0.6202891680493008
861.png	7360.0	10705.0	0.6875291919663709
862.png	1810.0	3764.0	0.4808714133900106
863.png	2536.0	7922.0	0.3201211815198182
864.png	1557.0	2656.0	0.5862198795180723
865.png	1664.0	3995.0	0.4165206508135169
866.png	4347.0	5125.0	0.8481951219512195
867.png	6593.0	8335.0	0.791001799640072
868.png	7526.0	9526.0	0.7900482888935545
869.png	2431.0	3637.0	0.6684080285949959
87.png	5541.0	6676.0	0.8299880167765129
870.png	3454.0	4899.0	0.7050418452745458
871.png	2122.0	4279.0	0.4959102594064034
872.png	2169.0	2928.0	0.7407786885245902
873.png	6104.0	9169.0	0.6657214527211255
874.png	643.0	3644.0	0.17645444566410537
875.png	11751.0	13733.0	0.8556761086434137
876.png	5514.0	6078.0	0.9072063178677197
877.png	7061.0	9335.0	0.7564006427423674
878.png	162.0	1900.0	0.08526315789473685
879.png	6488.0	8522.0	0.7613236329500117
88.png	4626.0	5433.0	0.8514632799558255
880.png	723.0	1088.0	0.6645220588235294
881.png	6130.0	7010.0	0.8744650499286734
882.png	0.0	713.0	0.0
883.png	3695.0	8660.0	0.4266743648960739
884.png	8054.0	9714.0	0.8291126209594399
885.png	9460.0	10487.0	0.9020692285687041
886.png	10111.0	10665.0	0.9480543834974214
887.png	4018.0	5279.0	0.7611290017048683
888.png	1725.0	1892.0	0.9117336152219874
889.png	3899.0	6435.0	0.6059052059052059
89.png	10086.0	12289.0	0.8207339897469281
890.png	1144.0	4852.0	0.23577906018136852
891.png	6045.0	6668.0	0.9065686862627474
892.png	508.0	704.0	0.7215909090909091
893.png	4977.0	6054.0	0.8221010901883052
894.png	291.0	616.0	0.4724025974025974
895.png	2001.0	3318.0	0.6030741410488246
896.png	1308.0	3545.0	0.3689703808180536
897.png	496.0	2055.0	0.2413625304136253
898.png	3374.0	4012.0	0.8409770687936191
899.png	2481.0	4391.0	0.5650193577772717
9.png	8418.0	9580.0	0.878705636743215
90.png	5136.0	6825.0	0.7525274725274725
900.png	976.0	2012.0	0.4850894632206759
901.png	2743.0	3895.0	0.7042362002567394
902.png	0.0	357.0	0.0
903.png	436.0	3413.0	0.1277468502783475
904.png	0.0	1982.0	0.0
905.png	1899.0	4359.0	0.43565037852718513
906.png	377.0	894.0	0.4217002237136465
907.png	2165.0	3166.0	0.6838281743524952
908.png	211.0	2581.0	0.08175125920185974
909.png	6721.0	8365.0	0.8034668260609683
91.png	2405.0	3591.0	0.6697298802561961
910.png	414.0	4669.0	0.08866995073891626
911.png	4022.0	6709.0	0.5994932180652854
912.png	1322.0	3231.0	0.4091612503868771
913.png	5462.0	6335.0	0.8621941594317285
914.png	4450.0	4848.0	0.9179042904290429
915.png	7804.0	11364.0	0.6867300246392115
916.png	3386.0	5135.0	0.659396299902629
917.png	3502.0	5468.0	0.6404535479151426
918.png	2234.0	4059.0	0.5503818674550381
919.png	5452.0	6729.0	0.8102244018427701
92.png	2842.0	5438.0	0.5226186097830084
920.png	1865.0	3125.0	0.5968
921.png	1717.0	2577.0	0.6662786185487001
922.png	4916.0	6857.0	0.7169316027417237
923.png	3752.0	5647.0	0.6644235877457056
924.png	2416.0	5542.0	0.435943702634428
925.png	4049.0	4899.0	0.826495203102674
926.png	1688.0	2121.0	0.7958510136727959
927.png	3361.0	5786.0	0.5808848945731075
928.png	2198.0	3687.0	0.5961486303227557
929.png	2543.0	3907.0	0.650883030458152
93.png	7304.0	8449.0	0.8644810036690732
930.png	2241.0	2499.0	0.8967587034813925
931.png	804.0	2468.0	0.32576985413290116
932.png	4283.0	7492.0	0.5716764548852109
933.png	6782.0	7626.0	0.8893259900340938
934.png	2585.0	3097.0	0.8346787213432354
935.png	3470.0	4644.0	0.7472006890611542
936.png	1444.0	1693.0	0.8529238038984052
937.png	28.0	539.0	0.05194805194805195
938.png	3108.0	4504.0	0.6900532859680284
939.png	6365.0	8635.0	0.7371163867979155
94.png	1280.0	2234.0	0.5729632945389436
940.png	579.0	841.0	0.6884661117717004
941.png	14.0	268.0	0.05223880597014925
942.png	1984.0	2372.0	0.836424957841484
943.png	8926.0	13955.0	0.6396273737011824
944.png	3387.0	6459.0	0.5243845796562936
945.png	9972.0	13587.0	0.7339368514020755
946.png	1163.0	2183.0	0.532753092075126
947.png	1421.0	4888.0	0.2907119476268412
948.png	588.0	1028.0	0.5719844357976653
949.png	2322.0	2768.0	0.8388728323699421
95.png	5029.0	6408.0	0.7848002496878901
950.png	4515.0	7020.0	0.6431623931623932
951.png	4525.0	6286.0	0.7198536430162266
952.png	2338.0	4038.0	0.5789995047052997
953.png	2147.0	3241.0	0.6624498611539649
954.png	4143.0	5587.0	0.741542867370682
955.png	3743.0	6186.0	0.6050759780148723
956.png	781.0	3094.0	0.2524240465416936
958.png	260.0	1044.0	0.24904214559386972
959.png	162.0	458.0	0.3537117903930131
96.png	929.0	2283.0	0.4069207183530442
960.png	721.0	1576.0	0.45748730964467005
961.png	126.0	1273.0	0.09897879025923016
962.png	496.0	701.0	0.7075606276747504
963.png	472.0	739.0	0.638700947225981
964.png	3389.0	5470.0	0.6195612431444242
965.png	1612.0	2950.0	0.5464406779661017
966.png	607.0	830.0	0.7313253012048193
967.png	4654.0	6467.0	0.7196536261017473
968.png	2619.0	2872.0	0.911908077994429
969.png	2506.0	3513.0	0.7133504127526331
97.png	6787.0	7814.0	0.8685692347069363
970.png	2525.0	3153.0	0.800824611481129
971.png	324.0	691.0	0.46888567293777134
972.png	115.0	3364.0	0.03418549346016647
973.png	2689.0	4760.0	0.5649159663865546
974.png	4727.0	6365.0	0.7426551453260015
975.png	2515.0	4051.0	0.6208343618859541
976.png	0.0	214.0	0.0
977.png	0.0	900.0	0.0
978.png	316.0	2260.0	0.13982300884955753
979.png	769.0	3707.0	0.20744537361748044
98.png	5511.0	8580.0	0.6423076923076924
980.png	1119.0	1851.0	0.6045380875202593
981.png	0.0	383.0	0.0
982.png	3175.0	3888.0	0.8166152263374485
983.png	704.0	2740.0	0.2569343065693431
984.png	4476.0	5263.0	0.8504655139654189
985.png	1154.0	3094.0	0.37297996121525534
986.png	1576.0	3534.0	0.4459535936615733
987.png	2423.0	3083.0	0.7859228024651314
988.png	1116.0	1386.0	0.8051948051948052
989.png	1058.0	1868.0	0.5663811563169164
99.png	2279.0	5116.0	0.4454652071931196
990.png	2880.0	3908.0	0.736949846468782
991.png	130.0	4193.0	0.03100405437634152
992.png	4448.0	6131.0	0.7254933942260643
993.png	1961.0	4423.0	0.4433642324214334
994.png	3569.0	5055.0	0.7060336300692384
995.png	463.0	596.0	0.7768456375838926
996.png	22.0	122.0	0.18032786885245902
997.png	3320.0	6929.0	0.47914561985856546
998.png	1028.0	1809.0	0.568269762299613
999.png	3112.0	5115.0	0.6084066471163245
